=== Real vs predicciones cherem (10 partidos) === 
 numero_fifa | rl | rv | pl | pv | h_old | i_old 
-------------+----+----+----+----+-------+-------
          37 |  2 |  2 |  1 |  0 |     0 |     0
          38 |  4 |  0 |  2 |  0 |     4 |     0
          49 |  4 |  2 |  2 |  2 |     4 |     0
          50 |  0 |  3 |  3 |  1 |     0 |     0
          55 |  2 |  1 |  1 |  2 |     0 |     0
          56 |  0 |  2 |  1 |  1 |     4 |     0
          61 |  5 |  0 |  2 |  3 |     0 |     0
          62 |  1 |  4 |  0 |  2 |     4 |     0
          65 |  0 |  1 |  0 |  3 |     0 |     0
          66 |  0 |  0 |  2 |  3 |     0 |     0
(10 rows)

