Recalculando puntajes... 
Traceback (most recent call last):
  File "C:\proyecto FAST API\recalc_puntajes.py", line 1, in <module>
    import requests
ModuleNotFoundError: No module named 'requests'
 
=== Puntajes de cherem por partido (grupos) === 
 numero_fifa | h | i | j | l | m | n | total 
-------------+---+---+---+---+---+---+-------
           1 | 0 | 0 | 1 | 1 | 1 | 0 |     3
           2 | 4 | 0 | 0 | 0 | 1 | 0 |     6
           3 | 0 | 0 | 0 | 0 | 1 | 0 |     2
           4 | 8 | 0 | 0 | 0 | 2 | 0 |    12
           5 | 4 | 0 | 0 | 0 | 1 | 0 |     6
           6 | 4 | 0 | 0 | 0 | 1 | 0 |     6
           7 | 0 | 0 | 0 | 0 | 1 | 0 |     2
           8 | 0 | 0 | 1 | 1 | 0 | 0 |     3
           9 | 0 | 0 | 0 | 0 | 1 | 0 |     2
          10 | 4 | 0 | 0 | 0 | 0 | 0 |     5
          11 | 0 | 0 | 1 | 0 | 1 | 0 |     3
          12 | 0 | 0 | 0 | 1 | 1 | 0 |     3
          13 | 0 | 0 | 0 | 0 | 1 | 0 |     2
          14 | 0 | 0 | 0 | 0 | 1 | 0 |     2
          15 | 0 | 0 | 0 | 0 | 1 | 0 |     2
          16 | 0 | 0 | 0 | 1 | 1 | 0 |     3
          17 | 4 | 0 | 0 | 1 | 1 | 0 |     7
          18 | 4 | 0 | 0 | 0 | 1 | 0 |     6
          19 | 4 | 0 | 0 | 1 | 1 | 0 |     7
          20 | 4 | 8 | 0 | 0 | 0 | 0 |    13
          21 | 4 | 0 | 1 | 0 | 1 | 0 |     7
          22 | 0 | 0 | 0 | 1 | 0 | 0 |     2
          23 | 0 | 0 | 0 | 0 | 1 | 0 |     2
          24 | 0 | 0 | 0 | 0 | 1 | 0 |     2
          25 | 0 | 0 | 1 | 1 | 0 | 1 |     4
          26 | 0 | 0 | 1 | 1 | 0 | 0 |     2
          27 | 4 | 0 | 0 | 0 | 1 | 0 |     5
          28 | 4 | 0 | 0 | 0 | 1 | 0 |     6
          29 | 4 | 8 | 0 | 0 | 1 | 0 |    14
          30 | 0 | 0 | 1 | 0 | 1 | 0 |     3
          31 | 0 | 0 | 0 | 0 | 2 | 0 |     2
          32 | 4 | 0 | 0 | 1 | 1 | 0 |     7
          33 | 4 | 0 | 0 | 0 | 1 | 0 |     6
          34 | 0 | 0 | 0 | 0 | 1 | 0 |     2
          35 | 0 | 0 | 1 | 0 | 1 | 0 |     3
          36 | 4 | 0 | 0 | 0 | 1 | 0 |     6
          37 | 0 | 0 | 0 | 1 | 1 | 0 |     3
          38 | 4 | 0 | 0 | 1 | 1 | 0 |     7
          39 | 0 | 0 | 0 | 0 | 1 | 0 |     1
          40 | 4 | 8 | 1 | 0 | 1 | 0 |    15
          41 | 4 | 0 | 0 | 0 | 1 | 0 |     6
          42 | 4 | 8 | 0 | 0 | 1 | 0 |    14
          43 | 0 | 0 | 0 | 1 | 0 | 0 |     2
          44 | 4 | 8 | 0 | 1 | 1 | 0 |    15
          45 | 0 | 0 | 0 | 0 | 1 | 0 |     2
          46 | 4 | 0 | 0 | 0 | 1 | 0 |     6
          47 | 4 | 0 | 0 | 0 | 1 | 0 |     6
          48 | 4 | 0 | 1 | 0 | 1 | 0 |     7
          49 | 4 | 0 | 1 | 0 | 1 | 0 |     7
          50 | 0 | 0 | 1 | 1 | 1 | 0 |     4
          51 | 4 | 0 | 1 | 0 | 1 | 0 |     7
          52 | 4 | 0 | 0 | 0 | 1 | 0 |     6
          53 | 0 | 0 | 0 | 0 | 1 | 0 |     2
          54 | 0 | 0 | 0 | 0 | 1 | 0 |     2
          55 | 0 | 0 | 1 | 0 | 1 | 0 |     3
          56 | 4 | 0 | 0 | 1 | 1 | 0 |     7
          57 | 0 | 0 | 1 | 0 | 1 | 0 |     3
          58 | 4 | 0 | 0 | 0 | 1 | 0 |     6
          59 | 4 | 0 | 0 | 1 | 1 | 0 |     7
          60 | 0 | 0 | 0 | 0 | 2 | 0 |     4
          61 | 0 | 0 | 0 | 0 | 1 | 0 |     1
          62 | 4 | 0 | 0 | 0 | 0 | 0 |     5
(62 rows)

 
=== TOTALES de cherem (grupos finalizados) === 
  h  | i  | j  | k  | l  | m  | n | o | total_partidos 
-----+----+----+----+----+----+---+---+----------------
 128 | 40 | 15 | 58 | 17 | 57 | 1 | 0 |            316
(1 row)

