 numero_fifa | rl | rv | pl | pv | mult | h_esp | h_bd | h_chk | i_esp | i_bd | i_chk | j_esp | j_bd | j_chk | k_esp | k_bd | k_chk | l_esp | l_bd | l_chk | m_esp | m_bd | m_chk | n_esp | n_bd | n_chk 
-------------+----+----+----+----+------+-------+------+-------+-------+------+-------+-------+------+-------+-------+------+-------+-------+------+-------+-------+------+-------+-------+------+-------
           1 |  2 |  0 |  0 |  0 |    1 |     0 |    0 | ok    |     0 |    0 | ok    |     1 |    1 | ok    |     0 |    0 | ok    |     1 |    1 | ok    |     1 |    1 | ok    |     0 |    0 | ok
           2 |  2 |  1 |  1 |  0 |    1 |     4 |    4 | ok    |     0 |    0 | ok    |     0 |    0 | ok    |     1 |    1 | ok    |     0 |    0 | ok    |     1 |    1 | ok    |     0 |    0 | ok
           3 |  1 |  1 |  0 |  1 |    1 |     0 |    0 | ok    |     0 |    0 | ok    |     0 |    0 | ok    |     1 |    1 | ok    |     0 |    0 | ok    |     1 |    1 | ok    |     0 |    0 | ok
           4 |  4 |  1 |  2 |  1 |    2 |     8 |    8 | ok    |     0 |    0 | ok    |     0 |    0 | ok    |     2 |    2 | ok    |     0 |    0 | ok    |     2 |    2 | ok    |     0 |    0 | ok
           5 |  0 |  1 |  0 |  3 |    1 |     4 |    4 | ok    |     0 |    0 | ok    |     0 |    0 | ok    |     1 |    1 | ok    |     0 |    0 | ok    |     1 |    1 | ok    |     0 |    0 | ok
           6 |  2 |  0 |  1 |  0 |    1 |     4 |    4 | ok    |     0 |    0 | ok    |     0 |    0 | ok    |     1 |    1 | ok    |     0 |    0 | ok    |     1 |    1 | ok    |     0 |    0 | ok
           7 |  1 |  1 |  3 |  2 |    1 |     0 |    0 | ok    |     0 |    0 | ok    |     0 |    0 | ok    |     1 |    1 | ok    |     0 |    0 | ok    |     1 |    1 | ok    |     0 |    0 | ok
           8 |  1 |  1 |  1 |  3 |    1 |     0 |    0 | ok    |     0 |    0 | ok    |     1 |    1 | ok    |     1 |    1 | ok    |     1 |    1 | ok    |     0 |    0 | ok    |     0 |    0 | ok
           9 |  1 |  0 |  1 |  2 |    1 |     0 |    0 | ok    |     0 |    0 | ok    |     0 |    0 | ok    |     1 |    1 | ok    |     0 |    0 | ok    |     1 |    1 | ok    |     0 |    0 | ok
          10 |  7 |  1 |  4 |  1 |    1 |     4 |    4 | ok    |     0 |    0 | ok    |     0 |    0 | ok    |     1 |    1 | ok    |     0 |    0 | ok    |     0 |    0 | ok    |     0 |    0 | ok
          11 |  2 |  2 |  0 |  2 |    1 |     0 |    0 | ok    |     0 |    0 | ok    |     1 |    1 | ok    |     1 |    1 | ok    |     0 |    0 | ok    |     1 |    1 | ok    |     0 |    0 | ok
          12 |  5 |  1 |  1 |  1 |    1 |     0 |    0 | ok    |     0 |    0 | ok    |     0 |    0 | ok    |     1 |    1 | ok    |     1 |    1 | ok    |     1 |    1 | ok    |     0 |    0 | ok
          13 |  1 |  1 |  2 |  1 |    1 |     0 |    0 | ok    |     0 |    0 | ok    |     0 |    0 | ok    |     1 |    1 | ok    |     0 |    0 | ok    |     1 |    1 | ok    |     0 |    0 | ok
          14 |  0 |  0 |  4 |  0 |    1 |     0 |    0 | ok    |     0 |    0 | ok    |     0 |    0 | ok    |     1 |    1 | ok    |     0 |    0 | ok    |     1 |    1 | ok    |     0 |    0 | ok
          15 |  2 |  2 |  2 |  1 |    1 |     0 |    0 | ok    |     0 |    0 | ok    |     0 |    0 | ok    |     1 |    1 | ok    |     0 |    0 | ok    |     1 |    1 | ok    |     0 |    0 | ok
          16 |  1 |  1 |  4 |  1 |    1 |     0 |    0 | ok    |     0 |    0 | ok    |     0 |    0 | ok    |     1 |    1 | ok    |     1 |    1 | ok    |     1 |    1 | ok    |     0 |    0 | ok
          17 |  3 |  1 |  2 |  0 |    1 |     4 |    4 | ok    |     0 |    0 | ok    |     0 |    0 | ok    |     1 |    1 | ok    |     1 |    1 | ok    |     1 |    1 | ok    |     0 |    0 | ok
          18 |  1 |  4 |  1 |  3 |    1 |     4 |    4 | ok    |     0 |    0 | ok    |     0 |    0 | ok    |     1 |    1 | ok    |     0 |    0 | ok    |     1 |    1 | ok    |     0 |    0 | ok
          19 |  3 |  0 |  2 |  0 |    1 |     4 |    4 | ok    |     0 |    0 | ok    |     0 |    0 | ok    |     1 |    1 | ok    |     1 |    1 | ok    |     1 |    1 | ok    |     0 |    0 | ok
          20 |  3 |  1 |  3 |  1 |    1 |     4 |    4 | ok    |     8 |    8 | ok    |     0 |    0 | ok    |     1 |    1 | ok    |     0 |    0 | ok    |     0 |    0 | ok    |     0 |    0 | ok
          21 |  1 |  0 |  2 |  1 |    1 |     4 |    4 | ok    |     0 |    0 | ok    |     1 |    1 | ok    |     1 |    1 | ok    |     0 |    0 | ok    |     1 |    1 | ok    |     0 |    0 | ok
          22 |  4 |  2 |  1 |  2 |    1 |     0 |    0 | ok    |     0 |    0 | ok    |     0 |    0 | ok    |     1 |    1 | ok    |     1 |    1 | ok    |     0 |    0 | ok    |     0 |    0 | ok
          23 |  1 |  1 |  3 |  1 |    1 |     0 |    0 | ok    |     0 |    0 | ok    |     0 |    0 | ok    |     1 |    1 | ok    |     0 |    0 | ok    |     1 |    1 | ok    |     0 |    0 | ok
          24 |  1 |  3 |  2 |  2 |    1 |     0 |    0 | ok    |     0 |    0 | ok    |     0 |    0 | ok    |     1 |    1 | ok    |     0 |    0 | ok    |     1 |    1 | ok    |     0 |    0 | ok
          25 |  1 |  1 |  2 |  1 |    1 |     0 |    0 | ok    |     0 |    0 | ok    |     1 |    1 | ok    |     1 |    1 | ok    |     1 |    1 | ok    |     0 |    0 | ok    |     1 |    1 | ok
          26 |  4 |  1 |  2 |  2 |    1 |     0 |    0 | ok    |     0 |    0 | ok    |     1 |    1 | ok    |     0 |    0 | ok    |     1 |    1 | ok    |     0 |    0 | ok    |     0 |    0 | ok
          27 |  6 |  0 |  1 |  0 |    1 |     4 |    4 | ok    |     0 |    0 | ok    |     0 |    0 | ok    |     0 |    0 | ok    |     0 |    0 | ok    |     1 |    1 | ok    |     0 |    0 | ok
          28 |  1 |  0 |  2 |  0 |    1 |     4 |    4 | ok    |     0 |    0 | ok    |     0 |    0 | ok    |     1 |    1 | ok    |     0 |    0 | ok    |     1 |    1 | ok    |     0 |    0 | ok
          29 |  3 |  0 |  3 |  0 |    1 |     4 |    4 | ok    |     8 |    8 | ok    |     0 |    0 | ok    |     1 |    1 | ok    |     0 |    0 | ok    |     1 |    1 | ok    |     0 |    0 | ok
          30 |  0 |  1 |  2 |  2 |    1 |     0 |    0 | ok    |     0 |    0 | ok    |     1 |    1 | ok    |     1 |    1 | ok    |     0 |    0 | ok    |     1 |    1 | ok    |     0 |    0 | ok
          31 |  0 |  1 |  1 |  1 |    2 |     0 |    0 | ok    |     0 |    0 | ok    |     0 |    0 | ok    |     0 |    0 | ok    |     0 |    0 | ok    |     2 |    2 | ok    |     0 |    0 | ok
          32 |  2 |  0 |  3 |  0 |    1 |     4 |    4 | ok    |     0 |    0 | ok    |     0 |    0 | ok    |     1 |    1 | ok    |     1 |    1 | ok    |     1 |    1 | ok    |     0 |    0 | ok
          33 |  2 |  1 |  2 |  0 |    1 |     4 |    4 | ok    |     0 |    0 | ok    |     0 |    0 | ok    |     1 |    1 | ok    |     0 |    0 | ok    |     1 |    1 | ok    |     0 |    0 | ok
          34 |  0 |  0 |  3 |  1 |    1 |     0 |    0 | ok    |     0 |    0 | ok    |     0 |    0 | ok    |     1 |    1 | ok    |     0 |    0 | ok    |     1 |    1 | ok    |     0 |    0 | ok
          35 |  5 |  1 |  1 |  3 |    1 |     0 |    0 | ok    |     0 |    0 | ok    |     1 |    1 | ok    |     1 |    1 | ok    |     0 |    0 | ok    |     1 |    1 | ok    |     0 |    0 | ok
          36 |  0 |  4 |  1 |  2 |    1 |     4 |    4 | ok    |     0 |    0 | ok    |     0 |    0 | ok    |     1 |    1 | ok    |     0 |    0 | ok    |     1 |    1 | ok    |     0 |    0 | ok
          37 |  2 |  2 |  1 |  0 |    1 |     0 |    0 | ok    |     0 |    0 | ok    |     0 |    0 | ok    |     1 |    1 | ok    |     1 |    1 | ok    |     1 |    1 | ok    |     0 |    0 | ok
          38 |  4 |  0 |  2 |  0 |    1 |     4 |    4 | ok    |     0 |    0 | ok    |     0 |    0 | ok    |     1 |    1 | ok    |     1 |    1 | ok    |     1 |    1 | ok    |     0 |    0 | ok
          39 |  0 |  0 |  2 |  0 |    1 |     0 |    0 | ok    |     0 |    0 | ok    |     0 |    0 | ok    |     0 |    0 | ok    |     0 |    0 | ok    |     1 |    1 | ok    |     0 |    0 | ok
          40 |  1 |  3 |  1 |  3 |    1 |     4 |    4 | ok    |     8 |    8 | ok    |     1 |    1 | ok    |     1 |    1 | ok    |     0 |    0 | ok    |     1 |    1 | ok    |     0 |    0 | ok
          41 |  3 |  2 |  4 |  1 |    1 |     4 |    4 | ok    |     0 |    0 | ok    |     0 |    0 | ok    |     1 |    1 | ok    |     0 |    0 | ok    |     1 |    1 | ok    |     0 |    0 | ok
          42 |  3 |  0 |  3 |  0 |    1 |     4 |    4 | ok    |     8 |    8 | ok    |     0 |    0 | ok    |     1 |    1 | ok    |     0 |    0 | ok    |     1 |    1 | ok    |     0 |    0 | ok
          43 |  2 |  0 |  2 |  2 |    1 |     0 |    0 | ok    |     0 |    0 | ok    |     0 |    0 | ok    |     1 |    1 | ok    |     1 |    1 | ok    |     0 |    0 | ok    |     0 |    0 | ok
          44 |  1 |  2 |  1 |  2 |    1 |     4 |    4 | ok    |     8 |    8 | ok    |     0 |    0 | ok    |     1 |    1 | ok    |     1 |    1 | ok    |     1 |    1 | ok    |     0 |    0 | ok
          45 |  0 |  0 |  2 |  0 |    1 |     0 |    0 | ok    |     0 |    0 | ok    |     0 |    0 | ok    |     1 |    1 | ok    |     0 |    0 | ok    |     1 |    1 | ok    |     0 |    0 | ok
          46 |  0 |  1 |  0 |  3 |    1 |     4 |    4 | ok    |     0 |    0 | ok    |     0 |    0 | ok    |     1 |    1 | ok    |     0 |    0 | ok    |     1 |    1 | ok    |     0 |    0 | ok
          47 |  5 |  0 |  3 |  0 |    1 |     4 |    4 | ok    |     0 |    0 | ok    |     0 |    0 | ok    |     1 |    1 | ok    |     0 |    0 | ok    |     1 |    1 | ok    |     0 |    0 | ok
          48 |  1 |  0 |  2 |  0 |    1 |     4 |    4 | ok    |     0 |    0 | ok    |     1 |    1 | ok    |     1 |    1 | ok    |     0 |    0 | ok    |     1 |    1 | ok    |     0 |    0 | ok
          49 |  4 |  2 |  2 |  2 |    1 |     0 |    0 | ok    |     0 |    0 | ok    |     1 |    1 | ok    |     1 |    1 | ok    |     0 |    0 | ok    |     1 |    1 | ok    |     0 |    0 | ok
          50 |  0 |  3 |  3 |  1 |    1 |     0 |    0 | ok    |     0 |    0 | ok    |     1 |    1 | ok    |     1 |    1 | ok    |     1 |    1 | ok    |     1 |    1 | ok    |     0 |    0 | ok
          51 |  2 |  1 |  1 |  0 |    1 |     4 |    4 | ok    |     0 |    0 | ok    |     1 |    1 | ok    |     1 |    1 | ok    |     0 |    0 | ok    |     1 |    1 | ok    |     0 |    0 | ok
          52 |  3 |  1 |  2 |  0 |    1 |     4 |    4 | ok    |     0 |    0 | ok    |     0 |    0 | ok    |     1 |    1 | ok    |     0 |    0 | ok    |     1 |    1 | ok    |     0 |    0 | ok
          53 |  0 |  3 |  1 |  1 |    1 |     0 |    0 | ok    |     0 |    0 | ok    |     0 |    0 | ok    |     1 |    1 | ok    |     0 |    0 | ok    |     1 |    1 | ok    |     0 |    0 | ok
          54 |  1 |  0 |  0 |  2 |    1 |     0 |    0 | ok    |     0 |    0 | ok    |     0 |    0 | ok    |     1 |    1 | ok    |     0 |    0 | ok    |     1 |    1 | ok    |     0 |    0 | ok
          55 |  2 |  1 |  1 |  2 |    1 |     0 |    0 | ok    |     0 |    0 | ok    |     1 |    1 | ok    |     1 |    1 | ok    |     1 |    1 | ok    |     1 |    1 | ok    |     0 |    0 | ok
          56 |  0 |  2 |  1 |  1 |    1 |     0 |    0 | ok    |     0 |    0 | ok    |     0 |    0 | ok    |     1 |    1 | ok    |     1 |    1 | ok    |     1 |    1 | ok    |     0 |    0 | ok
          57 |  1 |  1 |  0 |  1 |    1 |     0 |    0 | ok    |     0 |    0 | ok    |     1 |    1 | ok    |     1 |    1 | ok    |     0 |    0 | ok    |     1 |    1 | ok    |     0 |    0 | ok
          58 |  1 |  3 |  1 |  2 |    1 |     4 |    4 | ok    |     0 |    0 | ok    |     0 |    0 | ok    |     1 |    1 | ok    |     0 |    0 | ok    |     1 |    1 | ok    |     0 |    0 | ok
          59 |  3 |  2 |  1 |  0 |    1 |     4 |    4 | ok    |     0 |    0 | ok    |     0 |    0 | ok    |     1 |    1 | ok    |     1 |    1 | ok    |     1 |    1 | ok    |     0 |    0 | ok
          60 |  0 |  0 |  2 |  0 |    2 |     0 |    0 | ok    |     0 |    0 | ok    |     0 |    0 | ok    |     2 |    2 | ok    |     0 |    0 | ok    |     2 |    2 | ok    |     0 |    0 | ok
          61 |  5 |  0 |  2 |  3 |    1 |     0 |    0 | ok    |     0 |    0 | ok    |     0 |    0 | ok    |     0 |    0 | ok    |     0 |    0 | ok    |     1 |    1 | ok    |     0 |    0 | ok
          62 |  1 |  4 |  0 |  2 |    1 |     4 |    4 | ok    |     0 |    0 | ok    |     0 |    0 | ok    |     1 |    1 | ok    |     0 |    0 | ok    |     0 |    0 | ok    |     0 |    0 | ok
          63 |  1 |  1 |  1 |  2 |    1 |     0 |    0 | ok    |     0 |    0 | ok    |     0 |    0 | ok    |     1 |    1 | ok    |     1 |    1 | ok    |     0 |    0 | ok    |     0 |    0 | ok
          64 |  1 |  5 |  0 |  3 |    1 |     4 |    4 | ok    |     0 |    0 | ok    |     0 |    0 | ok    |     1 |    1 | ok    |     1 |    1 | ok    |     1 |    1 | ok    |     0 |    0 | ok
          65 |  0 |  1 |  0 |  3 |    1 |     4 |    4 | ok    |     0 |    0 | ok    |     0 |    0 | ok    |     0 |    0 | ok    |     0 |    0 | ok    |     1 |    1 | ok    |     0 |    0 | ok
          66 |  0 |  0 |  2 |  3 |    1 |     0 |    0 | ok    |     0 |    0 | ok    |     0 |    0 | ok    |     1 |    1 | ok    |     0 |    0 | ok    |     1 |    1 | ok    |     0 |    0 | ok
(66 rows)

docker : ERROR:  relation "paraguay_ids" does not exist
En C:\proyecto FAST API\run_all.ps1: 26 Carácter: 45
+ ... erem.sql" | docker exec -i core-postgres psql -U app_user -d becbuc 2 ...
+                 ~~~~~~~~~~~~~~~~~~~~~~~~~~~~~~~~~~~~~~~~~~~~~~~~~~~~~~~~~
    + CategoryInfo          : NotSpecified: (ERROR:  relatio... does not exist:String) [], RemoteException
    + FullyQualifiedErrorId : NativeCommandError
 
LINE 19: ...4*(CASE WHEN p.equipo_local_id IN (SELECT id FROM paraguay_i...
                                                              ^
